MINI_TRANSFORMER_ENCODER_V1
ENCODER
4 4
0.51399601348157065 -0.54870587311987096 0.48382768348696775 0.1675786135565567 
-0.094375057879106633 -0.69109277681424375 -0.067505093219500045 -0.28870209467623748 
-0.61859025179831739 0.26156990655040441 -0.76810390810413443 0.38446687992212369 
0.75915673013474405 -0.86309025591849164 0.85530470548338156 0.2028046631045112 
4 4
0.19232547335443745 -0.8502115015314865 -0.82743343144292003 0.043253306098244626 
-0.17303176261019163 -0.78633919188936108 0.82107992879465153 -0.46296981569839052 
-0.70938938821701492 0.20555025805159613 -0.20389442831965027 0.83691845537614107 
-0.057289902257615183 0.62299881408847047 0.3125885493375658 -0.085669234960647073 
4 4
-0.8449612445414304 0.71622277484047925 0.16397375599287373 -0.20121523191216703 
-0.8607010403843085 -0.49700808788264239 -0.45098539283792066 0.37308260132186705 
0.19858735132624222 0.56136113938650922 -0.53351970756780842 -0.21323605231409612 
-0.57477250707260708 0.40431620215682701 -0.12707935778058532 -0.44604234522217645 
4 8
0.091484894436746469 -0.62118155583885681 0.4578349963650345 -0.032486876780519369 -0.1261980419036049 0.6033867494948647 0.31147294786837532 -0.26542092588785565 
0.031220051062058673 0.026639263500945198 0.8400343426417739 0.46694150552152586 0.42803855113705325 0.056133147911135772 0.13302990372338716 0.67277264913717327 
0.15018516581006838 -0.29064913356160138 -0.2744348321807914 -0.43416751550342841 -0.63930168874184834 -0.10832667002053753 -0.15405658299424257 -0.29052886368127889 
-0.61376416598723771 -0.49277184903544685 0.12563248328977697 0.35046422476162881 0.0024329248278750558 0.60288048325592436 0.22010202038866189 0.5914570119785767 
8 4
0.5036720614427872 -0.19807885709461165 -0.38807760782034545 -0.24884091475779996 
0.22435028073266453 0.13622461627918048 0.23597714070756826 -0.3126017324724652 
0.054679662539901759 -0.23939917523934715 0.76669049375730558 0.49961419162096876 
0.26273986541739519 -0.37893877913739421 -0.36510599736052657 -0.57339243929476491 
0.25066307363121809 -0.59012835124885876 -0.053331187314769157 -0.36718856731721067 
0.55969424800714862 -0.034831762248449971 0.089485176020385637 0.27650149267844804 
-0.51124675421707844 0.14841017490815686 0.056056846419253362 -0.41920517284037634 
0.56159198804687627 0.12559230540488753 0.2426654707196528 0.64978692268279636 
4
0.98512630571782811 0.98387809685797722 0.97675905752054804 1.0463090693445674 
4
0.027512277857877306 -0.012824009232279802 0.078514355948138964 0.076324612469933134 
4
1.0676947219362161 1.0052608604423288 1.248734255295852 1.4996923475987685 
4
0.028051248411192668 0.00044099691378187707 0.055347279281789959 -0.046876542239674288 
CLASSIFIER
4 2
0.074725922879968015 -0.87517381074946299 
-0.60200251221189105 -0.75618690047229842 
0.7930589401567596 -1.021503457660131 
-1.3160484701566366 0.63041849101151259 
2
0.034487531329452592 -0.034487531329452585 
